1000 8000
24 9
29 3
10 4
26 23
6 20
21 11
29 14
21 10
12 25
10 18
8 26
9 16
11 6
1 27
29 2
25 31
12 1
31 11
25 22
16 11
1 9
29 31
28 8
12 23
24 1
31 10
17 10
24 4
1 31
25 7
31 6
1 25
16 26
9 5
27 23
3 28
20 16
13 9
1 5
28 31
28 27
3 29
17 3
17 15
8 7
31 6
27 3
2 29
6 24
3 2
23 19
21 9
24 10
8 12
25 29
20 6
14 4
9 5
29 4
5 25
2 18
17 22
22 21
28 9
21 9
24 24
24 2
17 10
18 1
31 5
16 28
3 9
2 16
12 14
16 20
1 16
10 4
4 10
3 30
14 19
18 4
12 23
10 31
3 11
4 2
11 9
19 15
13 27
30 9
1 28
24 17
20 22
18 2
21 27
3 21
29 18
14 13
1 5
4 21
23 21
25 7
13 8
13 25
29 21
4 1
8 25
16 15
16 24
18 11
11 28
30 14
21 29
21 22
15 20
22 15
28 18
6 28
27 16
28 21
4 27
8 19
20 9
11 31
23 13
19 9
4 17
21 24
27 14
7 6
7 4
28 8
23 15
9 12
29 26
30 20
30 5
16 25
6 15
17 21
21 1
30 8
9 20
8 22
26 25
9 2
7 13
24 27
13 6
17 13
18 7
10 13
27 27
19 14
2 26
25 10
27 5
28 21
11 3
28 25
11 15
23 4
1 5
21 16
15 11
16 17
10 26
15 4
26 26
10 9
3 19
1 25
11 14
30 18
7 2
31 11
30 21
6 27
1 16
23 26
6 27
19 3
17 25
24 31
21 31
28 4
31 1
19 15
11 14
7 27
24 21
3 28
10 14
31 14
7 25
16 8
9 5
5 3
17 7
21 14
5 12
28 21
25 29
2 10
29 15
5 28
23 2
1 23
4 10
14 22
22 29
25 28
25 18
3 27
5 27
10 25
29 24
31 26
15 26
3 26
31 24
31 9
6 31
27 4
23 31
23 11
14 6
23 25
12 19
14 10
20 8
15 1
12 27
6 12
2 9
15 19
20 25
6 27
17 25
14 6
27 19
1 19
20 21
25 18
27 30
9 9
1 6
28 3
29 1
21 14
25 19
24 9
26 15
5 17
1 9
2 31
9 2
28 3
19 3
8 16
19 12
22 6
15 9
22 8
26 10
29 26
13 27
1 3
27 25
28 30
20 10
5 10
25 3
30 8
25 25
20 12
20 26
29 7
31 9
20 18
20 15
23 29
10 16
14 25
1 27
18 30
9 16
15 21
31 7
8 13
19 2
14 27
1 25
3 12
16 16
25 22
20 10
9 14
12 3
18 21
30 4
14 26
23 15
1 7
6 8
14 26
8 21
21 4
19 20
10 14
9 3
9 14
23 4
31 3
19 10
7 31
22 22
4 31
1 15
3 1
5 13
22 3
31 17
20 9
2 28
20 31
22 14
20 12
5 7
25 14
16 1
29 28
8 13
10 1
27 23
28 15
31 6
20 13
5 18
10 21
20 4
20 12
8 26
14 4
18 17
11 27
3 26
2 13
22 25
1 4
12 1
6 25
6 11
26 6
16 1
2 11
10 31
8 17
8 11
29 21
11 3
21 10
18 14
28 10
16 7
1 29
24 16
19 3
22 9
1 4
7 22
7 21
7 20
3 30
9 3
14 11
1 9
10 11
6 21
2 5
22 27
2 13
1 19
28 11
1 28
19 11
29 10
20 24
6 1
29 16
2 20
15 13
1 5
16 8
18 14
5 24
30 8
30 11
29 23
5 23
3 30
6 19
30 25
24 11
30 4
4 12
24 27
7 30
15 22
5 19
12 22
19 23
28 20
16 19
8 27
22 13
22 31
3 25
2 29
20 5
19 20
10 4
12 28
23 8
21 26
14 28
13 21
30 26
18 4
25 25
14 29
29 25
29 5
23 23
25 1
18 25
9 24
7 15
26 12
10 4
15 8
28 13
25 8
1 29
5 1
4 20
17 8
29 12
22 11
12 19
6 13
13 5
21 7
2 23
23 22
25 12
24 30
2 24
13 16
21 7
31 17
20 27
30 29
16 1
30 11
23 27
29 20
3 2
6 24
20 18
10 24
10 16
16 23
30 20
16 21
4 14
9 29
2 22
1 24
15 9
18 15
7 22
20 14
6 11
27 9
18 18
9 15
18 8
2 23
24 17
26 9
23 17
27 26
26 1
29 13
11 18
23 23
8 3
6 8
8 9
27 2
25 20
6 6
15 30
14 9
27 1
9 24
20 21
5 1
2 31
30 7
20 31
9 2
16 4
1 31
18 31
1 8
4 24
29 11
8 6
29 2
17 8
6 5
12 1
10 11
12 16
2 10
20 10
18 25
26 22
27 3
29 5
15 15
10 20
17 1
13 9
16 17
29 25
17 3
1 10
31 30
14 27
4 9
8 25
29 19
10 29
29 10
1 14
23 16
11 19
8 18
1 30
22 28
30 7
14 18
17 21
6 5
16 16
2 12
1 2
23 21
18 19
27 14
12 1
11 20
14 30
8 3
14 7
31 6
23 7
1 31
17 9
24 19
1 25
5 20
24 18
7 21
27 22
1 9
4 20
30 3
12 27
14 1
6 30
26 21
18 13
9 19
6 30
6 13
18 21
16 11
19 23
30 9
19 17
31 26
10 14
28 9
30 5
10 31
30 25
22 3
18 16
15 24
7 13
20 23
12 10
2 12
24 5
15 4
22 21
26 19
11 26
8 29
30 27
2 10
18 24
13 20
26 31
29 24
4 25
1 27
23 9
17 17
1 26
25 20
24 3
31 11
29 10
27 31
18 19
4 21
15 23
24 7
21 20
17 13
21 4
1 21
26 4
7 8
5 15
2 15
24 19
17 11
25 7
29 16
15 20
30 8
13 10
17 2
25 9
31 24
29 8
15 4
5 23
2 25
12 6
7 3
21 14
23 2
3 26
18 1
5 8
16 6
23 12
1 4
21 12
31 28
5 24
6 10
22 31
13 30
18 3
27 26
26 8
1 20
19 9
7 31
5 2
8 23
19 9
23 26
27 28
8 7
2 4
4 2
17 28
17 8
1 3
15 27
14 13
10 7
1 21
12 19
18 17
10 31
6 29
12 15
5 5
15 18
4 18
31 4
27 20
30 18
18 9
7 21
27 20
6 1
1 3
29 11
21 24
23 24
25 21
2 13
7 9
19 22
4 3
17 5
11 15
15 27
23 26
30 3
17 28
23 17
3 1
14 2
19 16
24 24
15 28
19 23
5 5
25 18
5 25
3 31
31 9
2 1
24 13
8 26
6 4
8 1
26 16
21 23
14 13
10 11
3 22
27 8
30 18
10 23
9 17
29 1
1 6
22 5
12 21
12 25
24 11
20 12
27 23
16 15
3 8
23 31
20 19
5 5
10 9
6 23
28 13
13 31
16 9
7 22
9 17
11 25
12 27
21 29
7 18
9 27
23 9
24 10
11 13
24 21
4 27
1 28
21 30
23 16
30 15
18 18
3 6
4 9
21 22
12 28
3 10
23 8
30 13
29 23
2 1
2 19
12 14
30 6
1 25
16 26
26 13
12 21
13 30
26 2
25 9
8 3
13 27
1 27
1 28
21 5
22 5
1 4
15 2
9 29
2 6
6 9
1 12
19 10
29 9
5 17
22 13
2 15
18 30
7 17
31 3
11 13
2 25
16 22
29 15
1 13
18 11
2 21
5 29
22 19
19 15
10 4
10 12
7 7
5 14
15 26
7 29
23 27
30 27
18 26
9 5
13 10
7 31
6 20
17 15
14 21
9 25
11 24
11 19
26 19
8 3
25 8
27 12
22 9
13 27
20 12
23 16
28 24
10 14
14 11
29 1
25 20
13 21
11 6
27 12
27 27
30 31
3 20
12 18
7 22
4 22
8 27
18 21
4 31
25 16
5 10
5 24
12 1
7 12
2 9
17 20
21 15
2 22
4 16
1 9
17 27
2 13
16 19
15 3
10 19
8 2
18 15
28 18
2 28
16 14
16 18
25 30
24 30
27 7
20 5
4 1
1 14
26 3
16 29
11 3
3 23
13 25
12 9
19 10
22 2
20 23
7 20
12 19
13 31
18 26
29 20
6 4
4 2
17 15
5 27
10 16
14 9
4 30
1 13
9 23
18 11
9 10
6 16
30 23
12 9
7 31
26 27
19 22
1 21
9 11
11 23
27 11
27 9
12 12
22 22
19 14
28 5
6 14
7 22
9 17
18 10
16 14
24 20
7 14
10 10
30 2
13 3
6 14
7 7
19 9
20 17
21 9
7 14
10 23
7 19
4 9
2 4
25 24
29 13
1 24
13 23
1 29
30 21
7 8
24 3
29 28
23 21
5 19
28 9
1 11
14 30
25 19
25 3
5 7
13 14
10 27
25 18
29 29
29 22
12 18
16 16
30 9
12 31
25 24
11 30
26 16
30 29
12 9
1 5
1 14
16 11
12 20
4 3
15 9
5 19
